Period	SysEff	Dilation
495000	0.973731	1.01765
499950	0.96409	1.02783
504950	0.960628	1.02033
509999	0.951117	1.03053
515099	0.9417	1.04083
520250	0.938281	1.05124
525452	0.928991	1.06175
530707	0.919793	1.07237
536014	0.916418	1.0831
541374	0.907344	1.09393
546788	0.898361	1.10487
552256	0.895029	1.11591
557778	0.886167	1.12707
563356	0.877393	1.13834
568990	0.874105	1.14973
5.75E+05	0.865451	1.16123
5.80E+05	0.856882	1.17284
5.86E+05	0.853638	1.18457
5.92E+05	0.845186	1.19641
5.98E+05	0.841955	1.20838
6.04E+05	0.833619	1.22046
6.10E+05	0.825365	1.23266
6.16E+05	0.822179	1.24499
6.22E+05	0.814039	1.25744
6.29E+05	0.810867	1.27002
6.35E+05	0.802838	1.28272
6.41E+05	0.794889	1.29554
6.48E+05	0.791763	1.3085
6.54E+05	0.783924	1.32158
6.61E+05	0.780813	1.3348
6.67E+05	0.773082	1.34815
6.74E+05	0.765428	1.36163
6.81E+05	0.762363	1.37524
6.87E+05	0.754815	1.389
6.94E+05	0.751766	1.40289
7.01E+05	0.744323	1.41692
7.08E+05	0.741291	1.43108
7.15E+05	0.733951	1.4454
7.22E+05	0.730937	1.45985
7.30E+05	0.7237	1.47445
7.37E+05	0.716534	1.48919
7.44E+05	0.713567	1.50408
7.52E+05	0.706502	1.51913
7.59E+05	0.703553	1.53432
7.67E+05	0.696587	1.54966
7.75E+05	0.693656	1.56516
7.82E+05	0.686788	1.58081
7.90E+05	0.683876	1.59662
7.98E+05	0.677105	1.61258
8.06E+05	0.674212	1.62871
8.14E+05	0.667537	1.645
822234	0.664664	1.66145
830456	0.658083	1.67806
838761	0.65523	1.69484
847148	0.648742	1.71179
855620	0.645909	1.72891
864176	0.643069	1.7462
872818	0.636702	1.76366
881546	0.633883	1.78129
890361	0.627607	1.79911
899265	0.624809	1.8171
908258	0.618623	1.83527
917340	0.615847	1.85362
926513	0.613065	1.87216
935779	0.606995	1.89088
945136	0.604235	1.90979
954588	0.598253	1.92889
964134	0.595516	1.94818
973775	0.592774	1.96766
983513	0.586905	1.98733
993348	0.973542	1.00488
1.00E+06	0.963903	1.01493
1.01E+06	0.957391	1.02378
1.02E+06	0.947912	1.03401
1.03E+06	0.941498	1.04435
1.04E+06	0.935119	1.0548
1.05E+06	0.92586	1.06535
1.07E+06	0.919578	1.076
1.08E+06	0.913329	1.08676
1.09E+06	0.904286	1.09763
1.10E+06	0.898133	1.1086
1.11E+06	0.892012	1.11969
1.12E+06	0.885925	1.13089
1.13E+06	0.877153	1.14219
1.14E+06	0.871159	1.15362
1.15E+06	0.865198	1.16515
1.16E+06	0.856631	1.1768
1.18E+06	0.850761	1.18857
1.19E+06	0.844923	1.20046
1.20E+06	0.839117	1.21246
1.21E+06	0.830809	1.22459
1.22E+06	0.825093	1.23683
1.24E+06	0.819408	1.2492
1.25E+06	0.813755	1.26169
1.26E+06	0.808134	1.27431
1.27E+06	0.800132	1.28705
1.29E+06	0.794598	1.29992
1.30E+06	0.789095	1.31292
1.31E+06	0.783622	1.32605
1.33E+06	0.778181	1.33931
1.34E+06	0.772771	1.35271
1.35E+06	0.76512	1.36623
1.37E+06	0.759793	1.3799
1.38E+06	0.754498	1.39369
1.39E+06	0.749232	1.40763
1.41E+06	0.743997	1.42171
1.42E+06	0.738792	1.43592
1.44E+06	0.733618	1.45028
1.45E+06	0.728473	1.46479
1.46E+06	0.723358	1.47943
1.48E+06	0.716196	1.49423
1.49E+06	0.970084	1.01276
1.51E+06	0.962516	1.01618
1.52E+06	0.955002	1.02634
1.54E+06	0.947542	1.0366
1.55E+06	0.940137	1.04697
1.57E+06	0.932786	1.05744
1.59E+06	0.925487	1.06801
1.60E+06	0.918242	1.07869
1.62E+06	0.91105	1.08948
1.63E+06	0.90391	1.10037
1.65E+06	0.896822	1.11138
1.67E+06	0.889786	1.12249
1.68E+06	0.882802	1.13371
1.70E+06	0.877675	1.14505
1.72E+06	0.870774	1.1565
1.73E+06	0.863924	1.16807
1.75E+06	0.857124	1.17975
1.77E+06	0.850375	1.19155
1.79E+06	0.843674	1.20346
1.80E+06	0.837023	1.2155
1.82E+06	0.830422	1.22765
1.84E+06	0.825537	1.23993
1.86E+06	0.819016	1.25233
1.88E+06	0.812542	1.26485
1.90E+06	0.806117	1.2775
1.92E+06	0.799739	1.29027
1.93E+06	0.794997	1.30318
1.95E+06	0.788698	1.31621
1.97E+06	0.782445	1.32937
1.99E+06	0.970261	1.00828
2.01E+06	0.96218	1.01707
2.03E+06	0.955675	1.02724
2.05E+06	0.947708	1.03751
2.07E+06	0.939806	1.04789
2.10E+06	0.933434	1.05836
2.12E+06	0.925643	1.06895
2.14E+06	0.917916	1.07964
2.16E+06	0.911674	1.09043
2.18E+06	0.904057	1.10134
2.20E+06	0.896501	1.11235
2.22E+06	0.890387	1.12347
2.25E+06	0.882939	1.13471
2.27E+06	0.876905	1.14606
2.29E+06	0.869564	1.15752
2.31E+06	0.863609	1.16909
2.34E+06	0.856373	1.18078
2.36E+06	0.850496	1.19259
2.38E+06	0.843364	1.20452
2.41E+06	0.837565	1.21656
2.43E+06	0.830535	1.22873
2.46E+06	0.824813	1.24102
2.48E+06	0.973761	1.00722
2.51E+06	0.966571	1.01277
2.53E+06	0.958215	1.0229
2.56E+06	0.951131	1.03312
2.58E+06	0.944093	1.04346
2.61E+06	0.935924	1.05389
2.63E+06	0.92899	1.06443
2.66E+06	0.922102	1.07507
2.69E+06	0.914115	1.08582
2.71E+06	0.907329	1.09668
2.74E+06	0.900587	1.10765
2.77E+06	0.89389	1.11873
2.80E+06	0.886138	1.12991
2.82E+06	0.87954	1.14121
2.85E+06	0.872986	1.15262
2.88E+06	0.866475	1.16415
2.91E+06	0.860008	1.17579
2.94E+06	0.852539	1.18755
2.97E+06	0.846168	1.19943
3.00E+06	0.968864	1.00952
3.03E+06	0.961301	1.01961
3.06E+06	0.953792	1.02981
3.09E+06	0.946338	1.04011
3.12E+06	0.938938	1.05051
3.15E+06	0.931592	1.06101
3.18E+06	0.924299	1.07162
3.21E+06	0.917059	1.08234
3.25E+06	0.909872	1.09316
3.28E+06	0.902738	1.10409
3.31E+06	0.895655	1.11513
3.34E+06	0.888625	1.12629
3.38E+06	0.881645	1.13755
3.41E+06	0.874717	1.14892
3.45E+06	0.868731	1.16041
3.48E+06	0.973031	1.00459
3.51E+06	0.965145	1.01463
3.55E+06	0.95732	1.02478
3.59E+06	0.950411	1.03503
3.62E+06	0.942698	1.04538
3.66E+06	0.935044	1.05583
3.69E+06	0.927449	1.06639
3.73E+06	0.920737	1.07705
3.77E+06	0.913251	1.08782
3.81E+06	0.90663	1.0987
3.84E+06	0.899252	1.10969
3.88E+06	0.891931	1.12078
3.92E+06	0.88545	1.13199
3.96E+06	0.975885	1.00567
4.00E+06	0.968526	1.0104
4.04E+06	0.960458	1.02051
4.08E+06	0.953207	1.03071
4.12E+06	0.946005	1.04102
4.16E+06	0.938115	1.05143
4.20E+06	0.931018	1.06194
4.25E+06	0.923971	1.07256
4.29E+06	0.916255	1.08329
4.33E+06	0.909311	1.09412
4.38E+06	0.902414	1.10506
4.42E+06	0.895565	1.11611
4.46E+06	0.974734	1.00507
4.51E+06	0.967128	1.01204
4.55E+06	0.959577	1.02216
4.60E+06	0.95208	1.03238
4.64E+06	0.944638	1.04271
4.69E+06	0.93725	1.05313
4.74E+06	0.929916	1.06367
4.78E+06	0.922635	1.0743
4.83E+06	0.915407	1.08505
4.88E+06	0.908231	1.0959
4.93E+06	0.901108	1.10686
