Period	SysEff	Dilation
16000	0.288	1.43744
16160	0.286099	1.45181
16321.6	0.284678	1.46633
16484.8	0.282791	1.48099
16649.7	0.280453	1.43827
16816.2	0.279046	1.45265
16984.3	0.277187	1.46718
17154.2	0.275338	1.48185
17325.7	0.273499	1.44124
17499	0.272108	1.45565
17674	0.270282	1.47021
17850.7	0.268467	1.43188
18029.2	0.266661	1.44619
18209.5	0.265286	1.46066
18391.6	0.263494	1.47526
18575.5	0.261712	1.43864
18761.3	0.260349	1.45302
18948.9	0.258582	1.46755
19138.4	0.256824	1.43282
19329.7	0.255474	1.44715
19523	0.254124	1.46162
19718.3	0.252387	1.42862
19915.5	0.25066	1.4429
20114.6	0.249323	1.45733
20315.8	0.247989	1.42591
20518.9	0.246282	1.44017
20724.1	0.244955	1.45457
20931.3	0.243631	1.4246
21140.7	0.241945	1.43884
21352.1	0.240629	1.45323
21565.6	0.239315	1.42459
21781.2	0.23765	1.43884
21999.1	0.236345	1.45323
22219	0.235042	1.42582
22441.2	0.233399	1.44008
22665.6	0.232443	1.45448
22892.3	0.230813	1.45897
23121.2	0.229524	1.47355
23352.4	0.228238	1.48829
23586	0.226955	1.50317
23821.8	0.225675	1.5182
24060	0.224399	1.53339
24300.6	0.223125	1.54872
24543.6	0.221855	1.56421
24789.1	0.220587	1.57985
25037	0.21963	1.59565
25287.3	0.218367	1.61161
25540.2	0.216806	1.62772
25795.6	0.215851	1.644
26053.6	0.214598	1.66044
26314.1	0.213641	1.67704
26577.3	0.212392	1.69381
26843	0.211148	1.71075
27111.5	0.21019	1.72786
27382.6	0.20895	1.74514
27656.4	0.207992	1.76259
27933	0.206758	1.78021
28212.3	0.2058	1.79802
28494.4	0.20484	1.816
28779.4	0.203613	1.83416
29067.2	0.202654	1.8525
29357.8	0.201432	1.87102
29651.4	0.200474	1.88973
29947.9	0.199514	1.90863
30247.4	0.198555	1.92772
30549.9	0.197343	1.94699
30855.4	0.196634	1.96646
31163.9	0.195426	1.98613
31475.6	0.194711	2.00599
31790.3	0.193508	2.02605
32108.2	0.192788	2.04631
32429.3	0.19159	2.06677
32753.6	0.190865	2.08744
33081.1	0.189672	2.10832
33411.9	0.188943	2.1294
33746.1	0.187983	2.15069
34083.5	0.187248	2.1722
34424.4	0.186287	2.19392
34768.6	0.185547	2.21586
35116.3	0.184584	2.23802
35467.4	0.183623	2.2604
35822.1	0.182877	2.283
36180.3	0.181915	2.30583
36542.1	0.181165	2.32889
36907.6	0.180204	2.35218
37276.6	0.17945	2.3757
37649.4	0.178693	2.39946
38025.9	0.177731	2.42346
38406.2	0.177172	2.44769
38790.2	0.255009	1.42824
39178.1	0.25366	1.44252
39569.9	0.251925	1.43345
39965.6	0.250583	1.4248
40365.3	0.249054	1.43905
40768.9	0.247341	1.43073
41176.6	0.246012	1.44504
41588.4	0.244684	1.43703
42004.3	0.242993	1.42941
42424.3	0.241673	1.44371
42848.5	0.240355	1.43638
43277	0.238686	1.42941
43709.8	0.237552	1.42278
44146.9	0.23607	1.43701
44588.4	0.234594	1.43064
45034.2	0.233294	1.43505
45484.6	0.231998	1.4494
45939.4	0.230704	1.4639
46398.8	0.229247	1.47854
46862.8	0.228125	1.49332
47331.4	0.226839	1.50826
47804.8	0.225397	1.52334
48282.8	0.22412	1.53857
48765.6	0.223003	1.55396
49253.3	0.221731	1.5695
49745.8	0.220462	1.58519
50243.3	0.219196	1.60104
50745.7	0.217934	1.61706
51253.2	0.216975	1.63323
51765.7	0.215717	1.64956
52283.4	0.214609	1.66605
52806.2	0.213357	1.68271
53334.3	0.212108	1.69954
53867.6	0.211006	1.71654
54406.3	0.210046	1.7337
54950.3	0.208945	1.75104
55499.8	0.207845	1.76855
56054.8	0.206746	1.78623
56615.4	0.205649	1.8041
57181.5	0.204418	1.82214
57753.4	0.203458	1.84036
58330.9	0.202366	1.85876
58914.2	0.201274	1.87735
59503.3	0.200314	1.89612
60098.4	0.199353	1.91509
60699.4	0.248749	1.43506
61306.4	0.247288	1.43431
61919.4	0.245708	1.43372
62538.6	0.244257	1.43328
63164	0.242812	1.43299
63795.6	0.241371	1.43285
64433.6	0.239934	1.43285
65077.9	0.238621	1.43299
65728.7	0.237193	1.43326
66386	0.23577	1.43368
67049.9	0.234467	1.43422
67720.4	0.233053	1.43864
68397.6	0.231756	1.45303
69081.5	0.23035	1.46756
69772.3	0.22906	1.48224
70470.1	0.227773	1.49706
71174.8	0.226489	1.51203
71886.5	0.225208	1.52715
72605.4	0.22393	1.54242
73331.4	0.222761	1.55785
74064.8	0.221488	1.57342
74805.4	0.220219	1.58916
75553.5	0.218954	1.60505
76309	0.217792	1.6211
77072.1	0.216633	1.63731
77842.8	0.215474	1.65368
78621.2	0.21422	1.67022
79407.4	0.213163	1.68692
80201.5	0.21201	1.70379
81003.5	0.210859	1.72083
81813.6	0.20971	1.73804
82631.7	0.208656	1.75542
83458	0.244227	1.43089
84292.6	0.24272	1.42346
85135.5	0.241219	1.42697
85986.9	0.239903	1.43056
86846.7	0.238412	1.42377
87715.2	0.237102	1.42759
88592.4	0.235708	1.43149
89478.3	0.234318	1.42565
90373.1	0.233018	1.43991
91276.8	0.231552	1.45431
92189.6	0.230343	1.46885
93111.5	0.228969	1.48354
94042.6	0.227682	1.49837
94983	0.226398	1.51336
95932.8	0.225117	1.52849
96892.2	0.22384	1.54378
97861.1	0.222644	1.55921
98839.7	0.221372	1.57481
99828.1	0.22018	1.59055
100826	0.218914	1.60646
101835	0.217727	1.62252
102853	0.216542	1.63875
103882	0.215359	1.65514
104920	0.243385	1.42818
105970	0.241917	1.42519
107029	0.240526	1.42241
108100	0.239069	1.42818
109181	0.237686	1.42569
110272	0.236238	1.4234
111375	0.234934	1.42941
112489	0.233564	1.43382
113614	0.232197	1.44816
114750	0.230835	1.46264
115897	0.229544	1.47727
117056	0.228255	1.49204
118227	0.22697	1.50696
119409	0.225687	1.52203
120603	0.224408	1.53725
121809	0.223195	1.55262
123027	0.221921	1.56815
124258	0.220651	1.58383
125500	0.219446	1.59967
126755	0.218242	1.61566
128023	0.240917	1.42346
129303	0.239542	1.4236
130596	0.238111	1.42387
131902	0.236743	1.42428
133221	0.235379	1.42483
134553	0.234019	1.42922
135899	0.232663	1.44351
137258	0.231366	1.45794
138630	0.230017	1.47252
140017	0.228672	1.48725
141417	0.227386	1.50212
142831	0.226102	1.51714
144259	0.224875	1.53231
145702	0.223545	1.54764
147159	0.222375	1.56311
148630	0.221104	1.57874
150117	0.240248	1.42262
151618	0.238832	1.42482
153134	0.23747	1.42713
154665	0.236063	1.42368
156212	0.234709	1.42622
157774	0.23331	1.43646
159352	0.232012	1.45082
