Period	SysEff	Dilation
16000	0.47904	1.08897
16160	0.474772	1.09986
16321.6	0.471483	1.11085
16484.8	0.467747	1.08896
16649.7	0.463577	1.09985
16816.2	0.460357	1.11085
16984.3	0.456704	1.0899
17154.2	0.453077	1.1008
17325.7	0.449478	1.11181
17499	0.445905	1.11524
17674	0.442794	1.12639
17850.7	0.43927	1.13765
18029.2	0.435773	1.14903
18209.5	0.432724	1.16052
18391.6	0.429274	1.17213
18575.5	0.425851	1.18385
18761.3	0.422863	1.19569
18948.9	0.419081	1.20764
19138.4	0.416537	1.21972
19329.7	0.413208	1.23192
19523	0.409903	1.24424
19718.3	0.407013	1.25668
19915.5	0.403755	1.26925
20114.6	0.400903	1.28194
20315.8	0.397689	1.29476
20518.9	0.394875	1.30771
20724.1	0.392077	1.32078
20931.3	0.388929	1.33399
21140.7	0.386168	1.34733
21352.1	0.383064	1.3608
21565.6	0.380339	1.37441
21781.2	0.377279	1.38816
21999.1	0.37494	1.40204
22219	0.371919	1.41606
22441.2	0.369605	1.43022
22665.6	0.366624	1.44452
22892.3	0.364	1.45897
23121.2	0.361393	1.47355
23352.4	0.358801	1.48829
23586	0.356225	1.50317
23821.8	0.353666	1.5182
24060	0.351122	1.53339
24300.6	0.348593	1.54872
24543.6	0.346081	1.56421
24789.1	0.343584	1.57985
25037	0.341102	1.59565
25287.3	0.33894	1.61161
25540.2	0.336185	1.62772
25795.6	0.334047	1.644
26053.6	0.331624	1.66044
26314.1	0.329508	1.67704
26577.3	0.326824	1.69381
26843	0.325019	1.71075
27111.5	0.32265	1.72786
27382.6	0.320297	1.74514
27656.4	0.318237	1.76259
27933	0.315911	1.78021
28212.3	0.313872	1.79802
28494.4	0.311573	1.816
28779.4	0.309555	1.83416
29067.2	0.307547	1.8525
29357.8	0.305287	1.87102
29651.4	0.303559	1.88973
29947.9	0.301323	1.90863
30247.4	0.299101	1.92772
30549.9	0.297397	1.94699
30855.4	0.295199	1.96646
31163.9	0.293262	1.98613
31475.6	0.291579	2.00599
31790.3	0.289416	2.02605
32108.2	0.287508	2.04631
32429.3	0.285845	2.06677
32753.6	0.283718	2.08744
33081.1	0.374468	2.10832
33411.9	0.462934	1.08758
33746.1	0.459716	1.08276
34083.5	0.456066	1.09359
34424.4	0.452442	1.09696
34768.6	0.448846	1.10793
35116.3	0.445496	1.11901
35467.4	0.441951	1.1302
35822.1	0.438433	1.1415
36180.3	0.435153	1.15292
36542.1	0.431896	1.16445
36907.6	0.42866	1.17609
37276.6	0.42524	1.18785
37649.4	0.421846	1.19973
38025.9	0.418881	1.21173
38406.2	0.415733	1.22384
38790.2	0.412607	1.23608
39178.1	0.409306	1.24844
39569.9	0.406224	1.26093
39965.6	0.403163	1.27354
40365.3	0.400313	1.28627
40768.9	0.397291	1.29914
41176.6	0.39429	1.31213
41588.4	0.391309	1.32525
42004.3	0.388349	1.3385
42424.3	0.385409	1.35189
42848.5	0.382669	1.3654
43277	0.379767	1.37906
43709.8	0.377061	1.39285
44146.9	0.374372	1.40678
44588.4	0.371699	1.42085
45034.2	0.368871	1.43505
45484.6	0.366232	1.4494
45939.4	0.363609	1.4639
46398.8	0.361002	1.47854
46862.8	0.358247	1.49332
47331.4	0.355674	1.50826
47804.8	0.353116	1.52334
48282.8	0.350734	1.53857
48765.6	0.348206	1.55396
49253.3	0.345694	1.5695
49745.8	0.343197	1.58519
50243.3	0.46239	1.08506
50745.7	0.45872	1.08547
51253.2	0.455227	1.08882
51765.7	0.451759	1.09971
52283.4	0.448314	1.1107
52806.2	0.444748	1.12181
53334.3	0.441352	1.13303
53867.6	0.437981	1.14436
54406.3	0.434491	1.1558
54950.3	0.431168	1.16736
55499.8	0.427867	1.17903
56054.8	0.424727	1.19082
56615.4	0.421471	1.20273
57181.5	0.418238	1.21476
57753.4	0.414895	1.22691
58330.9	0.411841	1.23918
58914.2	0.408806	1.25157
59503.3	0.405791	1.26408
60098.4	0.40254	1.27672
60699.4	0.399567	1.28949
61306.4	0.396613	1.30239
61919.4	0.393678	1.31541
62538.6	0.39064	1.32856
63164	0.387867	1.34185
63795.6	0.384989	1.35527
64433.6	0.382012	1.36882
65077.9	0.379292	1.38251
65728.7	0.376471	1.39633
66386	0.373785	1.4103
67049.9	0.462176	1.08341
67720.4	0.45862	1.08642
68397.6	0.454978	1.08977
69081.5	0.451585	1.10067
69772.3	0.447994	1.11168
70470.1	0.444539	1.12279
71174.8	0.441109	1.13402
71886.5	0.437703	1.14536
72605.4	0.434322	1.15682
73331.4	0.431069	1.16838
74064.8	0.42763	1.18007
74805.4	0.424423	1.19187
75553.5	0.421135	1.20379
76309	0.418073	1.21583
77072.1	0.41483	1.22798
77842.8	0.411611	1.24026
78621.2	0.40861	1.25267
79407.4	0.405532	1.26519
80201.5	0.402378	1.27784
81003.5	0.399437	1.29062
81813.6	0.396515	1.30353
82631.7	0.393426	1.31656
83458	0.390543	1.32973
84292.6	0.460112	1.08183
85135.5	0.456639	1.08517
85986.9	0.4531	1.09602
86846.7	0.449586	1.10698
87715.2	0.446011	1.11805
88592.4	0.442548	1.12923
89478.3	0.439111	1.14052
90373.1	0.435783	1.15193
91276.8	0.432478	1.16345
92189.6	0.429196	1.17508
93111.5	0.425936	1.18683
94042.6	0.422699	1.1987
94983	0.419403	1.21069
95932.8	0.416291	1.22279
96892.2	0.413121	1.23502
97861.1	0.409972	1.24737
98839.7	0.406845	1.25984
99828.1	0.40374	1.27244
100826	0.431125	1.28517
101835	0.457853	1.08398
102853	0.45429	1.0925
103882	0.45068	1.10342
104920	0.447169	1.11446
105970	0.443756	1.1256
107029	0.440367	1.13686
108100	0.436931	1.14823
109181	0.433519	1.15971
110272	0.430272	1.17131
111375	0.426977	1.18302
112489	0.423637	1.19485
113614	0.420524	1.2068
114750	0.41723	1.21887
115897	0.41416	1.23106
117056	0.410978	1.24337
118227	0.459656	1.07942
119409	0.456005	1.08716
120603	0.452509	1.09804
121809	0.448975	1.10902
123027	0.445466	1.12011
124258	0.442044	1.13131
125500	0.438585	1.14262
126755	0.435273	1.15405
128023	0.431923	1.16559
129303	0.428597	1.17724
130596	0.425294	1.18901
131902	0.422132	1.2009
133221	0.418875	1.21291
134553	0.461132	1.08317
135899	0.457527	1.08263
137258	0.454004	1.09346
138630	0.45045	1.10439
140017	0.446923	1.11544
141417	0.443476	1.12659
142831	0.440053	1.13786
144259	0.436654	1.14924
145702	0.433332	1.16073
147159	0.430033	1.17234
148630	0.426706	1.18406
150117	0.423504	1.1959
151618	0.460543	1.08106
153134	0.456986	1.08439
154665	0.453455	1.09523
156212	0.44985	1.10618
157774	0.446418	1.11725
159352	0.442962	1.12842
