Period	SysEff	Dilation
900	0.0853333	2.02139
909	0.0844884	2.04161
918.09	0.0836519	2.06202
927.271	0.0828237	2.08264
936.544	0.0820036	2.10347
945.909	0.0811917	2.1245
955.368	0.0803879	2.14575
964.922	0.0875511	2.16721
974.571	0.0866843	2.18888
984.317	0.085826	2.21077
994.16	0.0849763	2.23288
1004.1	0.0841349	2.25521
1014.14	0.0833019	2.27776
1024.28	0.0824771	2.30053
1034.53	0.0890842	2.32354
1044.87	0.0882022	2.34677
1055.32	0.0873289	2.37024
1065.87	0.0936696	2.39394
1076.53	0.0927422	2.41788
1087.3	0.091824	2.44206
1098.17	0.0909148	2.46648
1109.15	0.0900146	2.49115
1120.24	0.0891234	2.51606
1131.45	0.088241	2.54122
1142.76	0.0873673	2.56663
1154.19	0.0865023	2.5923
1165.73	0.0856458	2.61822
1177.39	0.0913208	2.6444
1189.16	0.0904166	2.67085
1201.05	0.0895214	2.69756
1213.07	0.088635	2.72453
1225.2	0.0877574	2.75178
1237.45	0.0868885	2.7793
1249.82	0.0860283	2.80709
1262.32	0.0851765	2.83516
1274.94	0.0843332	2.86351
1287.69	0.0834982	2.89215
1300.57	0.0885766	2.92107
1313.58	0.0876996	2.95028
1326.71	0.0868313	2.97978
1339.98	0.0859716	3.00958
1353.38	0.0851203	3.03968
1366.91	0.0898961	3.07007
1380.58	0.089006	3.10077
1394.39	0.0881247	3.13178
1408.33	0.0927055	3.1631
1422.41	0.0917876	3.19473
1436.64	0.0962247	3.22668
1451	0.095272	3.25894
1465.51	0.0943287	3.29153
1480.17	0.0933947	3.32445
1494.97	0.09247	3.35769
1509.92	0.0915545	3.39127
1525.02	0.095684	3.42518
1540.27	0.0947366	3.45943
1555.67	0.0937986	3.49403
1571.23	0.0928699	3.52897
1586.94	0.0919504	3.56426
1602.81	0.0910401	3.5999
1618.84	0.0901387	3.6359
1635.03	0.0892462	3.67226
1651.38	0.0930133	1.85449
1667.89	0.0920923	1.87304
1684.57	0.0911805	1.89177
1701.42	0.0902777	1.91068
1718.43	0.0893839	1.92979
1735.61	0.0884989	1.94909
1752.97	0.0876227	1.96858
1770.5	0.0867552	1.98826
1788.2	0.090191	2.00815
1806.09	0.089298	2.02823
1824.15	0.0884139	2.04851
1842.39	0.091707	2.069
1860.81	0.090799	2.08969
1879.42	0.0899	2.11058
1898.21	0.0930558	2.13169
1917.2	0.0921345	2.153
1936.37	0.0912223	2.17453
1955.73	0.094246	2.19628
1975.29	0.0933129	2.21824
1995.04	0.092389	2.24043
2014.99	0.0914743	2.26283
2035.14	0.0943423	2.28546
2055.49	0.0934082	2.30831
2076.05	0.0924834	2.3314
2096.81	0.0952304	2.35471
2117.78	0.0942875	2.37826
2138.95	0.093354	2.40204
2160.34	0.0959847	2.42606
2181.95	0.0950343	2.45032
2203.77	0.0940934	2.47482
2225.8	0.0966122	2.49957
2248.06	0.0956557	2.52457
2270.54	0.0947086	2.54981
2293.25	0.0937709	2.57531
2316.18	0.0928425	2.60106
2339.34	0.0952062	2.62707
2362.74	0.0942636	2.65334
2386.36	0.0933303	2.67988
2410.23	0.0955927	1.80445
2434.33	0.0946462	1.82249
2458.67	0.0937091	1.84072
2483.26	0.0927813	1.85913
2508.09	0.0918627	1.87772
2533.17	0.0939849	1.8965
2558.51	0.0930543	1.91546
2584.09	0.095105	1.93462
2609.93	0.0941634	1.95396
2636.03	0.0932311	1.9735
2662.39	0.092308	1.99324
2689.01	0.0942502	2.01317
2715.9	0.093317	2.0333
2743.06	0.0923931	2.05363
2770.49	0.0942503	2.07417
2798.2	0.0933172	2.09491
2826.18	0.0951107	2.11586
2854.44	0.094169	2.13702
2882.99	0.0959005	2.15839
2911.82	0.094951	2.17997
2940.93	0.0966223	2.20177
2970.34	0.0956657	2.22379
3000.05	0.0947185	2.24603
3030.05	0.0963153	2.26849
3060.35	0.0953617	2.29117
3090.95	0.0944176	2.31408
3121.86	0.0959428	2.33722
3153.08	0.0949929	2.3606
3184.61	0.0940523	2.3842
3216.46	0.0955088	1.80603
3248.62	0.0945632	1.82409
3281.11	0.0936269	1.84234
3313.92	0.0950174	1.86076
3347.06	0.0940767	1.87937
3380.53	0.095417	1.89816
3414.33	0.0944723	1.91714
3448.48	0.093537	1.93631
3482.96	0.0948159	1.95568
3517.79	0.0938771	1.97523
3552.97	0.0951092	1.99499
3588.5	0.0963077	2.01494
3624.38	0.0953541	2.03508
3660.63	0.096508	2.05544
3697.23	0.0955525	2.07599
3734.21	0.0966631	2.09675
3771.55	0.0957061	2.11772
3809.26	0.0967746	2.13889
3847.36	0.0958165	2.16028
3885.83	0.0948678	2.18189
3924.69	0.0958853	2.2037
3963.93	0.094936	2.22574
4003.57	0.0959143	1.7984
4043.61	0.0949646	1.81638
4084.05	0.0959049	1.83455
4124.89	0.0949554	1.85289
4166.14	0.0958586	1.87142
4207.8	0.0949095	1.89014
4249.87	0.0939698	1.90904
4292.37	0.0948287	1.92813
4335.3	0.0956613	1.94741
4378.65	0.0964681	1.96688
4422.44	0.0955129	1.98655
4466.66	0.0962867	2.00642
4511.33	0.0970357	2.02648
4556.44	0.096075	2.04675
4602.01	0.0967926	2.06721
4648.02	0.0958343	2.08789
4694.51	0.0965214	2.10876
4741.45	0.0955657	2.12985
4788.86	0.0962232	1.79263
4836.75	0.0952705	1.81055
4885.12	0.0958993	1.82866
4933.97	0.0949499	1.84694
4983.31	0.0955509	1.86541
5033.15	0.0961307	1.88407
5083.48	0.0966897	1.90291
5134.31	0.0957324	1.92194
5185.65	0.0962656	1.94116
5237.51	0.0967788	1.96057
5289.89	0.0958206	1.98017
5342.79	0.0963093	1.99998
5396.21	0.096779	2.01998
5450.18	0.0958208	2.04018
5504.68	0.0962672	2.06058
5559.73	0.0966954	1.78387
5615.32	0.0957381	1.80171
5671.48	0.0961443	1.81973
5728.19	0.0951924	1.83792
5785.47	0.0955773	1.8563
5843.33	0.0959453	1.87487
5901.76	0.0962967	1.89362
5960.78	0.0966317	1.91255
6020.39	0.0969506	1.93168
6080.59	0.0959907	1.95099
6141.4	0.0962908	1.9705
6202.81	0.0965756	1.99021
6264.84	0.0968453	2.01011
6327.49	0.0971002	1.77644
6390.76	0.0961388	1.7942
6454.67	0.0963767	1.81214
6519.22	0.0954225	1.83026
6584.41	0.0956441	1.84857
6650.25	0.095852	1.86705
6716.76	0.0971898	1.88572
6783.92	0.0962275	1.90458
6851.76	0.0963956	1.92363
6920.28	0.096551	1.94286
6989.48	0.0966938	1.96229
7059.38	0.0968244	1.98191
7129.97	0.0969429	1.77932
7201.27	0.095983	1.79711
7273.28	0.0960886	1.81508
7346.02	0.0961827	1.83323
7419.48	0.0962655	1.85157
7493.67	0.0963373	1.87008
7568.61	0.0963981	1.88878
7644.3	0.0964484	1.90767
7720.74	0.0964882	1.92675
7797.95	0.0965177	1.94601
7875.93	0.0965372	1.96547
7954.68	0.0965469	1.78662
8034.23	0.0965469	1.80448
8114.57	0.0965374	1.82253
8195.72	0.0965187	1.84075
8277.68	0.0964909	1.85916
8360.45	0.0964541	1.87775
8444.06	0.0973181	1.89653
8528.5	0.0972551	1.91549
8613.78	0.0971838	1.93465
8699.92	0.0971043	1.77636
8786.92	0.0961429	1.79412
8874.79	0.0969217	1.81206
8963.54	0.0968189	1.83019
