Period	SysEff	Dilation
4544	0.822535	1.02058
4589.44	0.814391	1.03078
4635.33	0.806328	1.04109
4681.69	0.798345	1.0515
4728.5	0.79044	1.06202
4775.79	0.782614	1.07264
4823.55	0.774865	1.08336
4871.78	0.767194	1.0942
4920.5	0.762719	1.08795
4969.7	0.755168	1.09883
5019.4	0.747691	1.10982
5069.6	0.740288	1.12091
5120.29	0.732958	1.13212
5171.49	0.725701	1.14344
5223.21	0.718516	1.15488
5275.44	0.711402	1.16643
5328.2	0.704358	1.17809
5381.48	0.700239	1.18987
5435.29	0.693306	1.20177
5489.65	0.686441	1.21379
5544.54	0.679645	1.22593
5599.99	0.672916	1.23819
5655.99	0.666253	1.25057
5712.55	0.659657	1.26307
5769.67	0.653126	1.2757
5827.37	0.649295	1.28846
5885.64	0.642866	1.30135
5944.5	0.636501	1.31436
6003.94	0.630199	1.3275
6063.98	0.62396	1.34078
6124.62	0.617782	1.35419
6185.87	0.611665	1.36773
6247.73	0.608067	1.38141
6310.2	0.602047	1.39522
6373.31	0.596086	1.40917
6437.04	0.590184	1.42326
6501.41	0.584341	1.4375
6566.42	0.578555	1.45187
6632.09	0.572827	1.46639
6698.41	0.569449	1.48105
6765.39	0.563811	1.49586
6833.05	0.558228	1.51082
6901.38	0.552701	1.52593
6970.39	0.547229	1.54119
7040.1	0.541811	1.5566
7110.5	0.536446	1.57217
7181.6	0.533274	1.58789
7253.42	0.527994	1.60377
7325.95	0.522766	1.61981
7399.21	0.51759	1.636
7473.2	0.512466	1.65236
7547.94	0.507392	1.66889
7623.41	0.504383	1.68558
7699.65	0.499389	1.70243
7776.64	0.494445	1.71946
7854.41	0.489549	1.73665
7932.95	0.484702	1.75402
8012.28	0.479903	1.77156
8092.41	0.47705	1.78927
8173.33	0.472326	1.80717
8255.06	0.46765	1.82524
8337.61	0.46302	1.84349
8420.99	0.458435	1.86193
8505.2	0.455702	1.88054
8590.25	0.45119	1.89935
8676.16	0.446723	1.91834
8762.92	0.4423	1.93753
8850.55	0.437921	1.9569
8939.05	0.435303	1.97647
9028.44	0.430993	1.99624
9118.73	0.819764	1.02403
9209.91	0.811647	1.03427
9302.01	0.803611	1.04461
9395.03	0.797289	1.03865
9488.98	0.789395	1.04903
9583.87	0.78158	1.05952
9679.71	0.773841	1.07012
9776.51	0.766179	1.08082
9874.27	0.760149	1.09163
9973.02	0.752623	1.10254
10072.7	0.745171	1.11357
10173.5	0.737793	1.1247
10275.2	0.731983	1.13595
10378	0.724736	1.14731
10481.7	0.71756	1.15878
10586.6	0.710456	1.17037
10692.4	0.704858	1.18208
10799.3	0.697879	1.1939
10907.3	0.69097	1.20584
11016.4	0.684128	1.21789
11126.6	0.677355	1.23007
11237.8	0.672015	1.24237
11350.2	0.665361	1.2548
11463.7	0.658774	1.26734
11578.4	0.653578	1.28002
11694.1	0.647107	1.29282
11811.1	0.6407	1.30575
11929.2	0.634356	1.3188
12048.5	0.62935	1.33199
12169	0.623119	1.34531
12290.7	0.61695	1.35877
12413.6	0.610841	1.37235
12537.7	0.606018	1.38608
12663.1	0.600018	1.39994
12789.7	0.594077	1.41394
12917.6	0.589384	1.42808
13046.8	0.583549	1.44236
13177.3	0.577771	1.45678
13309	0.572051	1.47135
13442.1	0.56753	1.48606
13576.5	0.56191	1.50092
13712.3	0.817718	1.02659
13849.4	0.810731	1.02073
13987.9	0.802704	1.03093
14127.8	0.794756	1.04124
14269.1	0.787964	1.05166
14411.8	0.780162	1.06217
14555.9	0.772438	1.07279
14701.4	0.765835	1.08352
14848.5	0.758252	1.09436
14996.9	0.750745	1.1053
15146.9	0.744326	1.11635
15298.4	0.736956	1.12752
15451.4	0.72966	1.13879
15605.9	0.72342	1.15018
15761.9	0.716257	1.16168
15919.6	0.709165	1.1733
16078.8	0.703099	1.18503
16239.5	0.696138	1.19688
16401.9	0.689245	1.20885
16566	0.683348	1.22094
16731.6	0.676583	1.23315
16898.9	0.669884	1.24548
17067.9	0.664151	1.25794
17238.6	0.657575	1.27052
17411	0.651947	1.28322
17585.1	0.645492	1.29605
17760.9	0.639101	1.30901
17938.6	0.63363	1.3221
18117.9	0.627356	1.33532
18299.1	0.81784	1.01151
18482.1	0.809743	1.02162
18666.9	0.801726	1.03184
18853.6	0.794602	1.04216
19042.1	0.786735	1.05258
19232.6	0.779744	1.0631
19424.9	0.772024	1.07374
19619.1	0.765163	1.08447
19815.3	0.757587	1.09532
20013.5	0.750086	1.10627
20213.6	0.74342	1.11733
20415.8	0.736059	1.12851
20619.9	0.729516	1.13979
20826.1	0.722293	1.15119
21034.4	0.715872	1.1627
21244.7	0.708784	1.17433
21457.2	0.702483	1.18607
21671.7	0.695527	1.19793
21888.4	0.689343	1.20991
22107.3	0.682517	1.22201
22328.4	0.676448	1.23423
22551.7	0.66975	1.24657
22777.2	0.821144	1.00723
23005	0.813014	1.0173
23235	0.805625	1.02748
23467.4	0.797649	1.03775
23702.1	0.790399	1.04813
23939.1	0.782573	1.05861
24178.5	0.77546	1.0692
24420.2	0.767782	1.07989
24664.5	0.760803	1.09069
24911.1	0.753271	1.10159
25160.2	0.746423	1.11261
25411.8	0.739637	1.12374
25665.9	0.732314	1.13497
25922.6	0.725656	1.14632
26181.8	0.718471	1.15779
26443.6	0.711939	1.16937
26708.1	0.70489	1.18106
26975.1	0.69848	1.19287
27244.9	0.692128	1.2048
27517.3	0.81552	1.01404
27792.5	0.807999	1.02418
28070.4	0.800546	1.03442
28351.2	0.79262	1.04476
28634.7	0.785308	1.05521
28921	0.777533	1.06576
29210.2	0.770361	1.07642
29502.3	0.763254	1.08719
29797.3	0.755697	1.09806
30095.3	0.748725	1.10904
30396.3	0.741817	1.12013
30700.2	0.734473	1.13133
31007.2	0.727696	1.14264
31317.3	0.720982	1.15407
31630.5	0.714329	1.16561
31946.8	0.819443	1.01059
32266.3	0.811805	1.01918
32588.9	0.804239	1.02937
32914.8	0.796276	1.03966
33244	0.788854	1.05006
33576.4	0.781501	1.06056
33912.2	0.774217	1.07117
34251.3	0.766551	1.08188
34593.8	0.759406	1.0927
34939.7	0.752326	1.10362
35289.1	0.745313	1.11466
35642	0.737934	1.12581
35998.4	0.731054	1.13706
36358.4	0.822812	1.00816
36722	0.815084	1.01493
37089.2	0.807428	1.02508
37460.1	0.799844	1.03533
37834.7	0.791924	1.04568
38213.1	0.784486	1.05614
38595.2	0.777116	1.0667
38981.2	0.769816	1.07737
39371	0.762584	1.08814
39764.7	0.75542	1.09902
40162.3	0.748323	1.11001
40563.9	0.740914	1.12111
40969.6	0.821433	1.01118
41379.3	0.813671	1.01657
41793.1	0.805982	1.02674
42211	0.798366	1.03701
42633.1	0.790822	1.04738
43059.4	0.783349	1.05785
43490	0.775946	1.06843
43924.9	0.768613	1.07911
44364.2	0.761349	1.08991
44807.8	0.754154	1.1008
45255.9	0.747026	1.11181
