Period	SysEff	Dilation
16000	0.8016	1.02674
16160	0.793663	1.03701
16321.6	0.786276	1.04738
16484.8	0.778957	1.05061
16649.7	0.771706	1.06111
16816.2	0.764065	1.07172
16984.3	0.756952	1.08244
17154.2	0.749905	1.09326
17325.7	0.742924	1.1042
17499	0.735568	1.11524
17674	0.72872	1.12639
17850.7	0.721935	1.13765
18029.2	0.715213	1.14903
18209.5	0.708553	1.16052
18391.6	0.701538	1.17213
18575.5	0.695006	1.18385
18761.3	0.688534	1.19569
18948.9	0.682122	1.20764
19138.4	0.675769	1.21972
19329.7	0.669476	1.23192
19523	0.662847	1.24424
19718.3	0.656674	1.25668
19915.5	0.650558	1.26925
20114.6	0.644499	1.28194
20315.8	0.638496	1.29476
20518.9	0.632548	1.30771
20724.1	0.626656	1.32078
20931.3	0.620818	1.33399
21140.7	0.615035	1.34733
21352.1	0.609305	1.3608
21565.6	0.603628	1.37441
21781.2	0.598004	1.38816
21999.1	0.592433	1.40204
22219	0.586913	1.41606
22441.2	0.581444	1.43022
22665.6	0.576026	1.44452
22892.3	0.570658	1.45897
23121.2	0.56534	1.47355
23352.4	0.560072	1.48829
23586	0.554852	1.50317
23821.8	0.549681	1.5182
24060	0.544558	1.53339
24300.6	0.539482	1.54872
24543.6	0.534454	1.56421
24789.1	0.529472	1.57985
25037	0.524536	1.59565
25287.3	0.519647	1.61161
25540.2	0.514802	1.62772
25795.6	0.510301	1.644
26053.6	0.505543	1.66044
26314.1	0.500829	1.67704
26577.3	0.49616	1.69381
26843	0.491533	1.71075
27111.5	0.487233	1.72786
27382.6	0.48269	1.74514
27656.4	0.478188	1.76259
27933	0.473729	1.78021
28212.3	0.46931	1.79802
28494.4	0.465203	1.816
28779.4	0.460864	1.83416
29067.2	0.456565	1.8525
29357.8	0.452568	1.87102
29651.4	0.448346	1.88973
29947.9	0.444163	1.90863
30247.4	0.440273	1.92772
30549.9	0.436166	1.94699
30855.4	0.432096	1.96646
31163.9	0.428311	1.98613
31475.6	0.619513	2.00599
31790.3	0.807129	1.02001
32108.2	0.799377	1.02316
32429.3	0.791699	1.03339
32753.6	0.784329	1.04372
33081.1	0.776796	1.05416
33411.9	0.769564	1.0647
33746.1	0.762173	1.07535
34083.5	0.755077	1.0861
34424.4	0.747824	1.09696
34768.6	0.740862	1.10793
35116.3	0.733964	1.11901
35467.4	0.726913	1.1302
35822.1	0.720145	1.1415
36180.3	0.713227	1.15292
36542.1	0.706586	1.16445
36907.6	0.700006	1.17609
37276.6	0.693281	1.18785
37649.4	0.686825	1.19973
38025.9	0.680429	1.21173
38406.2	0.673892	1.22384
38790.2	0.667616	1.23608
39178.1	0.661398	1.24844
39569.9	0.655237	1.26093
39965.6	0.648942	1.27354
40365.3	0.642897	1.28627
40768.9	0.636909	1.29914
41176.6	0.630976	1.31213
41588.4	0.625098	1.32525
42004.3	0.619092	1.3385
42424.3	0.613324	1.35189
42848.5	0.60761	1.3654
43277	0.601949	1.37906
43709.8	0.59634	1.39285
44146.9	0.590784	1.40678
44588.4	0.585279	1.42085
45034.2	0.579825	1.43505
45484.6	0.574422	1.4494
45939.4	0.569069	1.4639
46398.8	0.563766	1.47854
46862.8	0.558512	1.49332
47331.4	0.683115	1.50826
47804.8	0.805195	1.01556
48282.8	0.7977	1.02571
48765.6	0.790117	1.03597
49253.3	0.782606	1.04633
49745.8	0.775166	1.0568
50243.3	0.767797	1.06736
50745.7	0.760649	1.07804
51253.2	0.753418	1.08882
51765.7	0.746255	1.09971
52283.4	0.739307	1.1107
52806.2	0.732278	1.12181
53334.3	0.725315	1.13303
53867.6	0.718562	1.14436
54406.3	0.71173	1.1558
54950.3	0.705102	1.16736
55499.8	0.698398	1.17903
56054.8	0.691894	1.19082
56615.4	0.685315	1.20273
57181.5	0.678932	1.21476
57753.4	0.672476	1.22691
58330.9	0.666213	1.23918
58914.2	0.659878	1.25157
59503.3	0.653731	1.26408
60098.4	0.647642	1.27672
60699.4	0.641483	1.28949
61306.4	0.635507	1.30239
61919.4	0.629587	1.31541
62538.6	0.623722	1.32856
63164	0.763817	1.34185
63795.6	0.804649	1.01645
64433.6	0.79704	1.02662
65077.9	0.789503	1.03688
65728.7	0.782036	1.04725
66386	0.774641	1.05772
67049.9	0.767314	1.0683
67720.4	0.760057	1.07898
68397.6	0.752869	1.08977
69081.5	0.745748	1.10067
69772.3	0.738695	1.11168
70470.1	0.731708	1.12279
71174.8	0.724787	1.13402
71886.5	0.717932	1.14536
72605.4	0.711246	1.15682
73331.4	0.704519	1.16838
74064.8	0.697854	1.18007
74805.4	0.691253	1.19187
75553.5	0.684815	1.20379
76309	0.678337	1.21583
77072.1	0.672019	1.22798
77842.8	0.665662	1.24026
78621.2	0.698535	1.25267
79407.4	0.807969	1.01215
80201.5	0.800256	1.02228
81003.5	0.792712	1.0325
81813.6	0.785145	1.04282
82631.7	0.777743	1.05325
83458	0.770411	1.06378
84292.6	0.763147	1.07442
85135.5	0.755862	1.08517
85986.9	0.748736	1.09602
86846.7	0.741676	1.10698
87715.2	0.734683	1.11805
88592.4	0.727756	1.12923
89478.3	0.720894	1.14052
90373.1	0.714096	1.15193
91276.8	0.707362	1.16345
92189.6	0.700692	1.17508
93111.5	0.694084	1.18683
94042.6	0.687539	1.1987
94983	0.810506	1.0089
95932.8	0.802802	1.01899
96892.2	0.79517	1.02918
97861.1	0.78769	1.03948
98839.7	0.780201	1.04987
99828.1	0.772784	1.06037
100826	0.765514	1.07097
101835	0.758236	1.08168
102853	0.751102	1.0925
103882	0.744035	1.10342
104920	0.736961	1.11446
105970	0.730027	1.1256
107029	0.723158	1.13686
108100	0.716353	1.14823
109181	0.709542	1.15971
110272	0.78644	1.17131
111375	0.806581	1.01402
112489	0.798936	1.02416
113614	0.791364	1.0344
114750	0.783863	1.04474
115897	0.7765	1.05519
117056	0.76914	1.06574
118227	0.761849	1.0764
119409	0.754628	1.08716
120603	0.747538	1.09804
121809	0.740452	1.10902
123027	0.733495	1.12011
124258	0.726542	1.13131
125500	0.719716	1.14262
126755	0.809836	1.00979
128023	0.802177	1.01989
129303	0.794591	1.03009
130596	0.787018	1.04039
131902	0.779575	1.05079
133221	0.772203	1.0613
134553	0.7649	1.07191
135899	0.757665	1.08263
137258	0.750499	1.09346
138630	0.743457	1.10439
140017	0.736425	1.11544
141417	0.751182	1.12659
142831	0.808591	1.01143
144259	0.800958	1.02154
145702	0.793344	1.03176
147159	0.785855	1.04208
148630	0.778384	1.0525
150117	0.771035	1.06302
151618	0.763756	1.07365
153134	0.756545	1.08439
154665	0.749352	1.09523
156212	0.742277	1.10618
157774	0.813152	1.0067
159352	0.805487	1.01558
