Kprime	SysEff	Dilation	Period
1 0.826381 1.01583 4522.85 
1.5 0.826381 1.01583 4522.85 
2 0.826381 1.01583 4522.85 
2.5 0.826381 1.01583 4522.85 
3 0.826381 1.01583 4522.85 
3.5 0.826381 1.01583 4522.85 
4 0.826381 1.01583 4522.85 
4.5 0.826381 1.01583 4522.85 
5 0.826381 1.01583 4522.85 
5.5 0.826381 1.01583 4522.85 
6 0.826381 1.01583 4522.85 
6.5 0.826381 1.01583 4522.85 
7 0.826381 1.01583 4522.85 
7.5 0.826381 1.01583 4522.85 
8 0.826381 1.01583 4522.85 
8.5 0.823546 1.00726 36326 
9 0.823546 1.00726 36326 
9.5 0.823546 1.00726 36326 
10 0.823546 1.00726 36326 
10.5 0.823546 1.00726 36326 
11 0.823546 1.00726 36326 
11.5 0.823529 1.00424 49961 
12 0.823529 1.00424 49961 
12.5 0.823529 1.00424 49961 
13 0.823529 1.00424 49961 
13.5 0.823529 1.00424 49961 
14 0.823529 1.00424 49961 
14.5 0.823529 1.00424 49961 
15 0.823529 1.00424 49961 
15.5 0.823529 1.00424 49961 
16 0.823529 1.00424 49961 
16.5 0.823529 1.00424 49961 
17 0.823529 1.00424 49961 
17.5 0.823529 1.00424 49961 
18 0.823529 1.00424 49961 
18.5 0.823529 1.00424 49961 
19 0.823529 1.00424 49961 
19.5 0.823529 1.00424 49961 
20 0.824095 1.00421 90763.9 
100 0.824006 1.00357 140706 
