Kprime	SysEff	Dilation	Period
1 0.815203 1.02352 494902 
1.5 0.815203 1.02352 494902 
2 0.815203 1.02352 494902 
2.5 0.815203 1.02352 494902 
3 0.815203 1.02352 494902 
3.5 0.815203 1.02352 494902 
4 0.815203 1.02352 494902 
4.5 0.815203 1.02352 494902 
5 0.815203 1.02352 494902 
5.5 0.815203 1.02352 494902 
6 0.815203 1.02352 494902 
6.5 0.815203 1.02352 494902 
7 0.815203 1.02352 494902 
7.5 0.815203 1.02352 494902 
8 0.815203 1.02352 494902 
8.5 0.815203 1.02352 494902 
9 0.815203 1.02352 494902 
9.5 0.815203 1.02352 494902 
10 0.815203 1.02352 494902 
10.5 0.815203 1.02352 494902 
11 0.815203 1.02352 494902 
11.5 0.815203 1.02352 494902 
12 0.815203 1.02352 494902 
12.5 0.815203 1.02352 494902 
13 0.815203 1.02352 494902 
13.5 0.815203 1.02352 494902 
14 0.815203 1.02352 494902 
14.5 0.815203 1.02352 494902 
15 0.815203 1.02352 494902 
15.5 0.815203 1.02352 494902 
16 0.815203 1.02352 494902 
16.5 0.815203 1.02352 494902 
17 0.815203 1.02352 494902 
17.5 0.815203 1.02352 494902 
18 0.815203 1.02352 494902 
18.5 0.815203 1.02352 494902 
19 0.815203 1.02352 494902 
19.5 0.815203 1.02352 494902 
20 0.815203 1.02352 494902 
100 0.815203 1.02352 494902 
