Kprime	SysEff	Dilation	Period
1 0.973924 1.01745 494902 
1.5 0.973924 1.01745 494902 
2 0.973924 1.01745 494902 
2.5 0.973924 1.01745 494902 
3 0.973924 1.01745 494902 
3.5 0.973924 1.01745 494902 
4 0.973924 1.01745 494902 
4.5 0.973924 1.01745 494902 
5 0.973924 1.01745 494902 
5.5 0.976274 1.00463 2.47485e+06 
6 0.976274 1.00463 2.47485e+06 
6.5 0.976274 1.00463 2.47485e+06 
7 0.976274 1.00463 2.47485e+06 
7.5 0.976274 1.00463 2.47485e+06 
8 0.976274 1.00463 2.47485e+06 
8.5 0.976078 1.00547 3.95992e+06 
9 0.976078 1.00547 3.95992e+06 
9.5 0.976078 1.00547 3.95992e+06 
10 0.976078 1.00547 3.95992e+06 
10.5 0.976078 1.00547 3.95992e+06 
11 0.976078 1.00547 3.95992e+06 
11.5 0.976614 1.00288 5.44465e+06 
12 0.976614 1.00288 5.44465e+06 
12.5 0.976614 1.00288 5.44465e+06 
13 0.976614 1.00288 5.44465e+06 
13.5 0.976614 1.00288 5.44465e+06 
14 0.976614 1.00288 5.44465e+06 
14.5 0.976614 1.00288 5.44465e+06 
15 0.976614 1.00288 5.44465e+06 
15.5 0.976614 1.00288 5.44465e+06 
16 0.976614 1.00288 5.44465e+06 
16.5 0.976614 1.00288 5.44465e+06 
17 0.976614 1.00288 5.44465e+06 
17.5 0.976614 1.00288 5.44465e+06 
18 0.976614 1.00288 5.44465e+06 
18.5 0.976614 1.00288 5.44465e+06 
19 0.976614 1.00288 5.44465e+06 
19.5 0.976614 1.00288 5.44465e+06 
20 0.976614 1.00288 5.44465e+06 
100 0.976882 1.00115 2.12855e+07 
