Kprime	SysEff	Dilation	Period
1 0.0901346 1.91372 852.059 
1.5 0.0938275 2.38992 1064.08 
2 0.0964922 3.21773 1432.66 
2.5 0.0972865 2.48225 2210.38 
3 0.0972865 2.48225 2210.38 
3.5 0.097161 2.18956 2924.63 
4 0.097161 2.18956 2924.63 
4.5 0.0968513 2.1372 3806.25 
5 0.0968513 2.1372 3806.25 
5.5 0.0970838 2.02548 4509.09 
6 0.0970838 2.02548 4509.09 
6.5 0.0970838 2.02548 4509.09 
7 0.0970838 2.02548 4509.09 
7.5 0.0972765 1.88404 6710.77 
8 0.0972765 1.88404 6710.77 
8.5 0.0972765 1.88404 6710.77 
9 0.0972765 1.88404 6710.77 
9.5 0.0973471 1.89597 8441.55 
10 0.0973471 1.89597 8441.55 
10.5 0.0973471 1.89597 8441.55 
11 0.0973471 1.89597 8441.55 
11.5 0.0974046 1.88894 10092.3 
12 0.0974173 1.85238 10721.7 
12.5 0.0974173 1.85238 10721.7 
13 0.0974173 1.85238 10721.7 
13.5 0.0974173 1.85238 10721.7 
14 0.0974173 1.85238 10721.7 
14.5 0.0974173 1.85238 10721.7 
15 0.0974684 1.83609 13079.9 
15.5 0.0974684 1.83609 13079.9 
16 0.0974823 1.85274 14023.5 
16.5 0.0974823 1.85274 14023.5 
17 0.0974982 1.85764 14887.7 
17.5 0.0974982 1.85764 14887.7 
18 0.0974982 1.85764 14887.7 
18.5 0.0974982 1.85764 14887.7 
19 0.0974982 1.85764 14887.7 
19.5 0.0974982 1.85764 14887.7 
20 0.0974982 1.85764 14887.7 
100 0.0976639 1.7799 81625.2
