Kprime	SysEff	Dilation	Period
1 0.289837 1.42833 15898.6 
1.5 0.289837 1.42833 15898.6 
2 0.289837 1.42833 15898.6 
2.5 0.289837 1.42833 15898.6 
3 0.289837 1.42833 15898.6 
3.5 0.289837 1.42833 15898.6 
4 0.289837 1.42833 15898.6 
4.5 0.289837 1.42833 15898.6 
5 0.289837 1.42833 15898.6 
5.5 0.289837 1.42833 15898.6 
6 0.289837 1.42833 15898.6 
6.5 0.289837 1.42833 15898.6 
7 0.289837 1.42833 15898.6 
7.5 0.289837 1.42833 15898.6 
8 0.289837 1.42833 15898.6 
8.5 0.289837 1.42833 15898.6 
9 0.289837 1.42833 15898.6 
9.5 0.289837 1.42833 15898.6 
10 0.289837 1.42833 15898.6 
10.5 0.289837 1.42833 15898.6 
11 0.289837 1.42833 15898.6 
11.5 0.289837 1.42833 15898.6 
12 0.289837 1.42833 15898.6 
12.5 0.289837 1.42833 15898.6 
13 0.289837 1.42833 15898.6 
13.5 0.289837 1.42833 15898.6 
14 0.289837 1.42833 15898.6 
14.5 0.289837 1.42833 15898.6 
15 0.289837 1.42833 15898.6 
15.5 0.289837 1.42833 15898.6 
16 0.289837 1.42833 15898.6 
16.5 0.289837 1.42833 15898.6 
17 0.289837 1.42833 15898.6 
17.5 0.289837 1.42833 15898.6 
18 0.289837 1.42833 15898.6 
18.5 0.289837 1.42833 15898.6 
19 0.289837 1.42833 15898.6 
19.5 0.289837 1.42833 15898.6 
20 0.289837 1.42833 15898.6 
100 0.289837 1.42833 15898.6 
