Kprime	SysEff	Dilation	Period
1 0.4798 1.08724 15974.7 
1.5 0.4798 1.08724 15974.7 
2 0.4798 1.08724 15974.7 
2.5 0.4798 1.08724 15974.7 
3 0.4798 1.08724 15974.7 
3.5 0.4798 1.08724 15974.7 
4 0.4798 1.08724 15974.7 
4.5 0.4798 1.08724 15974.7 
5 0.4798 1.08724 15974.7 
5.5 0.4798 1.08724 15974.7 
6 0.4798 1.08724 15974.7 
6.5 0.4798 1.08724 15974.7 
7 0.4798 1.08724 15974.7 
7.5 0.4798 1.08724 15974.7 
8 0.4798 1.08724 15974.7 
8.5 0.4798 1.08724 15974.7 
9 0.4798 1.08724 15974.7 
9.5 0.4798 1.08724 15974.7 
10 0.4798 1.08724 15974.7 
10.5 0.4798 1.08724 15974.7 
11 0.4798 1.08724 15974.7 
11.5 0.4798 1.08724 15974.7 
12 0.4798 1.08724 15974.7 
12.5 0.4798 1.08724 15974.7 
13 0.4798 1.08724 15974.7 
13.5 0.4798 1.08724 15974.7 
14 0.4798 1.08724 15974.7 
14.5 0.4798 1.08724 15974.7 
15 0.4798 1.08724 15974.7 
15.5 0.4798 1.08724 15974.7 
16 0.4798 1.08724 15974.7 
16.5 0.4798 1.08724 15974.7 
17 0.4798 1.08724 15974.7 
17.5 0.4798 1.08724 15974.7 
18 0.4798 1.08724 15974.7 
18.5 0.4798 1.08724 15974.7 
19 0.4798 1.08724 15974.7 
19.5 0.4798 1.08724 15974.7 
20 0.4798 1.08724 15974.7 
100 0.4798 1.08724 15974.7 
