Kprime	SysEff	Dilation	Period
1 0.80319 1.02471 15968.3 
1.5 0.80319 1.02471 15968.3 
2 0.807369 1.01971 31780.9 
2.5 0.807369 1.01971 31780.9 
3 0.807369 1.01971 31780.9 
3.5 0.807369 1.01971 31780.9 
4 0.807369 1.01971 31780.9 
4.5 0.807369 1.01971 31780.9 
5 0.808289 1.01175 79376 
5.5 0.808289 1.01175 79376 
6 0.810747 1.0086 94954.8 
6.5 0.810747 1.0086 94954.8 
7 0.810747 1.0086 94954.8 
7.5 0.810747 1.0086 94954.8 
8 0.810747 1.0086 94954.8 
8.5 0.810747 1.0086 94954.8 
9 0.810747 1.0086 94954.8 
9.5 0.810747 1.0086 94954.8 
10 0.8142 1.00541 157571 
10.5 0.8142 1.00541 157571 
11 0.8142 1.00541 157571 
11.5 0.8142 1.00541 157571 
12 0.8142 1.00541 157571 
12.5 0.8142 1.00541 157571 
13 0.8142 1.00541 157571 
13.5 0.8142 1.00541 157571 
14 0.8142 1.00541 157571 
14.5 0.8142 1.00541 157571 
15 0.8142 1.00541 157571 
15.5 0.8142 1.00541 157571 
16 0.815378 1.00278 251749 
16.5 0.815378 1.00278 251749 
17 0.815378 1.00278 251749 
17.5 0.815378 1.00278 251749 
18 0.815378 1.00278 251749 
18.5 0.815378 1.00278 251749 
19 0.815378 1.00278 251749 
19.5 0.815378 1.00278 251749 
20 0.815378 1.00278 251749 
100 0.817166 1.00061 1.17748e+06 
