Kprime	SysEff	Dilation	Period
1 0.644476 1.02471 15968.3 
1.5 0.644476 1.02471 15968.3 
2 0.644476 1.02471 15968.3 
2.5 0.644476 1.02471 15968.3 
3 0.646501 1.02226 47790.6 
3.5 0.646501 1.02226 47790.6 
4 0.646501 1.02226 47790.6 
4.5 0.646501 1.02226 47790.6 
5 0.646501 1.02226 47790.6 
5.5 0.646501 1.02226 47790.6 
6 0.646501 1.02226 47790.6 
6.5 0.646501 1.02226 47790.6 
7 0.647361 1.01402 111375 
7.5 0.647361 1.01402 111375 
8 0.647361 1.01402 111375 
8.5 0.647361 1.01402 111375 
9 0.647361 1.01402 111375 
9.5 0.647361 1.01402 111375 
10 0.647361 1.01402 111375 
10.5 0.647361 1.01402 111375 
11 0.647361 1.01402 111375 
11.5 0.647361 1.01402 111375 
12 0.648379 1.01232 190608 
12.5 0.648379 1.01232 190608 
13 0.64859 1.01439 206402 
13.5 0.64859 1.01439 206402 
14 0.64859 1.01439 206402 
14.5 0.64859 1.01439 206402 
15 0.64859 1.01439 206402 
15.5 0.64859 1.01439 206402 
16 0.64859 1.01439 206402 
16.5 0.64859 1.01439 206402 
17 0.64859 1.01439 206402 
17.5 0.64859 1.01439 206402 
18 0.64859 1.01439 206402 
18.5 0.64859 1.01439 206402 
19 0.64859 1.01439 206402 
19.5 0.64859 1.01439 206402 
20 0.64859 1.01439 206402 
100 0.649071 1.01122 1.38041e+06
