Kprime	SysEff	Dilation	Period
1 0.88101 1.15646 15691.1 
1.5 0.962177 1.15305 18092.3 
2 0.986442 1.00891 31661.3 
2.5 0.986442 1.00891 31661.3 
3 0.986442 1.00891 31661.3 
3.5 0.986442 1.00891 31661.3 
4 0.986442 1.00891 31661.3 
4.5 0.986442 1.00891 31661.3 
5 0.986442 1.00891 31661.3 
5.5 0.986442 1.00891 31661.3 
6 0.986442 1.00891 31661.3 
6.5 0.986442 1.00891 31661.3 
7 0.986442 1.00891 31661.3 
7.5 0.986442 1.00891 31661.3 
8 0.986171 1.00919 126680 
8.5 0.986171 1.00919 126680 
9 0.986171 1.00919 126680 
9.5 0.986171 1.00919 126680 
10 0.986171 1.00919 126680 
10.5 0.986171 1.00919 126680 
11 0.986171 1.00919 126680 
11.5 0.986171 1.00919 126680 
12 0.986171 1.00919 126680 
12.5 0.986171 1.00919 126680 
13 0.986171 1.00919 126680 
13.5 0.986171 1.00919 126680 
14 0.986171 1.00919 126680 
14.5 0.986171 1.00919 126680 
15 0.986171 1.00919 126680 
15.5 0.986171 1.00919 126680 
16 0.986171 1.00919 126680 
16.5 0.986171 1.00919 126680 
17 0.987961 1.00056 266893 
17.5 0.987961 1.00056 266893 
18 0.987961 1.00056 266893 
18.5 0.987961 1.00056 266893 
19 0.987961 1.00056 266893 
19.5 0.987961 1.00056 266893 
20 0.987961 1.00056 266893
100 0.987733 1.00171 927343
