Kprime	SysEff	Dilation	Period
1 0.9789 1.00002 15691.1 
1.5 0.9789 1.00002 15691.1 
2 0.978903 1.00002 31382.1 
2.5 0.978903 1.00002 31382.1 
3 0.978903 1.00002 31382.1 
3.5 0.978903 1.00002 31382.1 
4 0.978903 1.00002 31382.1 
4.5 0.978903 1.00002 31382.1 
5 0.978871 1.00005 78457.8 
5.5 0.978871 1.00005 78457.8 
6 0.978871 1.00005 78457.8 
6.5 0.978871 1.00005 78457.8 
7 0.978871 1.00005 78457.8 
7.5 0.978871 1.00005 78457.8 
8 0.978871 1.00005 78457.8 
8.5 0.978871 1.00005 78457.8 
9 0.978893 1.00003 141221 
9.5 0.978893 1.00003 141221 
10 0.978893 1.00003 141221 
10.5 0.978893 1.00003 141221 
11 0.978893 1.00003 141221 
11.5 0.978893 1.00003 141221 
12 0.978893 1.00003 141221 
12.5 0.978893 1.00003 141221 
13 0.978893 1.00003 141221 
13.5 0.978893 1.00003 141221 
14 0.978893 1.00003 141221 
14.5 0.978893 1.00003 141221 
15 0.978893 1.00003 141221 
15.5 0.978893 1.00003 141221 
16 0.978893 1.00003 141221 
16.5 0.978893 1.00003 141221 
17 0.978893 1.00003 141221 
17.5 0.978893 1.00003 141221 
18 0.978893 1.00003 141221 
18.5 0.978893 1.00003 141221 
19 0.978843 1.00008 298148 
19.5 0.978843 1.00008 298148 
20 0.978843 1.00008 298148 
100 0.978873 1.00005 737502 
