Period	SysEff	Dilation
16000	0.96	1.01971
16160	0.950495	1.0299
16321.6	0.941084	1.0402
16484.8	0.931767	1.05061
16649.7	0.922541	1.06111
16816.2	0.913407	1.07172
16984.3	0.904363	1.08244
17154.2	0.895409	1.09326
17325.7	0.886544	1.1042
17499	0.877766	1.11524
17674	0.869075	1.12639
17850.7	0.860471	1.13765
18029.2	0.851951	1.14903
18209.5	0.843516	1.16052
18391.6	0.835164	1.17213
18575.5	0.826895	1.18385
18761.3	0.818708	1.19569
18948.9	0.810602	1.20764
19138.4	0.802577	1.21972
19329.7	0.79463	1.23192
19523	0.786763	1.24424
19718.3	0.778973	1.25668
19915.5	0.77126	1.26925
20114.6	0.763624	1.28194
20315.8	0.756063	1.29476
20518.9	0.748578	1.30771
20724.1	0.741166	1.32078
20931.3	0.733828	1.33399
21140.7	0.726562	1.34733
21352.1	0.719368	1.3608
21565.6	0.712246	1.37441
21781.2	0.705194	1.38816
21999.1	0.698212	1.40204
22219	0.691299	1.41606
22441.2	0.684454	1.43022
22665.6	0.677678	1.44452
22892.3	0.670968	1.45897
23121.2	0.664325	1.47355
23352.4	0.657747	1.48829
23586	0.651235	1.50317
23821.8	0.644787	1.5182
24060	0.638403	1.53339
24300.6	0.632082	1.54872
24543.6	0.625824	1.56421
24789.1	0.619628	1.57985
25037	0.613493	1.59565
25287.3	0.607419	1.61161
25540.2	0.601404	1.62772
25795.6	0.59545	1.644
26053.6	0.589554	1.66044
26314.1	0.583717	1.67704
26577.3	0.577938	1.69381
26843	0.572216	1.71075
27111.5	0.56655	1.72786
27382.6	0.560941	1.74514
27656.4	0.555387	1.76259
27933	0.549888	1.78021
28212.3	0.544444	1.79802
28494.4	0.539053	1.816
28779.4	0.533716	1.83416
29067.2	0.528432	1.8525
29357.8	0.5232	1.87102
29651.4	0.518019	1.88973
29947.9	0.51289	1.90863
30247.4	0.507812	1.92772
30549.9	0.502785	1.94699
30855.4	0.497806	1.96646
31163.9	0.492878	1.98613
31475.6	0.975995	1.003
31790.3	0.966332	1.01303
32108.2	0.956764	1.02316
32429.3	0.947291	1.03339
32753.6	0.937912	1.04372
33081.1	0.928626	1.05416
33411.9	0.919432	1.0647
33746.1	0.910329	1.07535
34083.5	0.901315	1.0861
34424.4	0.892391	1.09696
34768.6	0.883556	1.10793
35116.3	0.874808	1.11901
35467.4	0.866146	1.1302
35822.1	0.857571	1.1415
36180.3	0.84908	1.15292
36542.1	0.840673	1.16445
36907.6	0.83235	1.17609
37276.6	0.824109	1.18785
37649.4	0.815949	1.19973
38025.9	0.80787	1.21173
38406.2	0.799872	1.22384
38790.2	0.791952	1.23608
39178.1	0.784111	1.24844
39569.9	0.776348	1.26093
39965.6	0.768661	1.27354
40365.3	0.76105	1.28627
40768.9	0.753515	1.29914
41176.6	0.746055	1.31213
41588.4	0.738668	1.32525
42004.3	0.731354	1.3385
42424.3	0.724113	1.35189
42848.5	0.716944	1.3654
43277	0.709845	1.37906
43709.8	0.702817	1.39285
44146.9	0.695859	1.40678
44588.4	0.688969	1.42085
45034.2	0.682148	1.43505
45484.6	0.675394	1.4494
45939.4	0.668707	1.4639
46398.8	0.662086	1.47854
46862.8	0.65553	1.49332
47331.4	0.97356	1.0055
47804.8	0.963921	1.01556
48282.8	0.954377	1.02571
48765.6	0.944928	1.03597
49253.3	0.935572	1.04633
49745.8	0.926309	1.0568
50243.3	0.917138	1.06736
50745.7	0.908057	1.07804
51253.2	0.899066	1.08882
51765.7	0.890165	1.09971
52283.4	0.881351	1.1107
52806.2	0.872625	1.12181
53334.3	0.863985	1.13303
53867.6	0.855431	1.14436
54406.3	0.846961	1.1558
54950.3	0.838575	1.16736
55499.8	0.830273	1.17903
56054.8	0.822052	1.19082
56615.4	0.813913	1.20273
57181.5	0.805854	1.21476
57753.4	0.797876	1.22691
58330.9	0.789976	1.23918
58914.2	0.782154	1.25157
59503.3	0.77441	1.26408
60098.4	0.766743	1.27672
60699.4	0.759151	1.28949
61306.4	0.751635	1.30239
61919.4	0.744193	1.31541
62538.6	0.736825	1.32856
63164	0.972706	1.00639
63795.6	0.963075	1.01645
64433.6	0.95354	1.02662
65077.9	0.944099	1.03688
65728.7	0.934751	1.04725
66386	0.925496	1.05772
67049.9	0.916333	1.0683
67720.4	0.90726	1.07898
68397.6	0.898278	1.08977
69081.5	0.889384	1.10067
69772.3	0.880578	1.11168
70470.1	0.871859	1.12279
71174.8	0.863227	1.13402
71886.5	0.85468	1.14536
72605.4	0.846218	1.15682
73331.4	0.83784	1.16838
74064.8	0.829544	1.18007
74805.4	0.821331	1.19187
75553.5	0.813199	1.20379
76309	0.805148	1.21583
77072.1	0.797176	1.22798
77842.8	0.789283	1.24026
78621.2	0.976835	1.00213
79407.4	0.967164	1.01215
80201.5	0.957588	1.02228
81003.5	0.948107	1.0325
81813.6	0.93872	1.04282
82631.7	0.929425	1.05325
83458	0.920223	1.06378
84292.6	0.911112	1.07442
85135.5	0.902091	1.08517
85986.9	0.89316	1.09602
86846.7	0.884316	1.10698
87715.2	0.875561	1.11805
88592.4	0.866892	1.12923
89478.3	0.858309	1.14052
90373.1	0.849811	1.15193
91276.8	0.841397	1.16345
92189.6	0.833066	1.17508
93111.5	0.824818	1.18683
94042.6	0.816651	1.1987
94983	0.970279	1.0089
95932.8	0.960672	1.01899
96892.2	0.95116	1.02918
97861.1	0.941743	1.03948
98839.7	0.932419	1.04987
99828.1	0.923187	1.06037
100826	0.914047	1.07097
101835	0.904997	1.08168
102853	0.896036	1.0925
103882	0.887165	1.10342
104920	0.878381	1.11446
105970	0.869684	1.1256
107029	0.861073	1.13686
108100	0.852548	1.14823
109181	0.844107	1.15971
110272	0.975041	1.00398
111375	0.965387	1.01402
112489	0.955829	1.02416
113614	0.946365	1.0344
114750	0.936995	1.04474
115897	0.927718	1.05519
117056	0.918532	1.06574
118227	0.909438	1.0764
119409	0.900434	1.08716
120603	0.891519	1.09804
121809	0.882692	1.10902
123027	0.873952	1.12011
124258	0.865299	1.13131
125500	0.856732	1.14262
126755	0.969428	1.00979
128023	0.959829	1.01989
129303	0.950326	1.03009
130596	0.940917	1.04039
131902	0.931601	1.05079
133221	0.922377	1.0613
134553	0.913245	1.07191
135899	0.904203	1.08263
137258	0.89525	1.09346
138630	0.886386	1.10439
140017	0.87761	1.11544
141417	0.977536	1.00141
142831	0.967858	1.01143
144259	0.958275	1.02154
145702	0.948787	1.03176
147159	0.939393	1.04208
148630	0.930092	1.0525
150117	0.920883	1.06302
151618	0.911766	1.07365
153134	0.902738	1.08439
154665	0.8938	1.09523
156212	0.884951	1.10618
157774	0.973543	1.00552
159352	0.963904	1.01558
160945	0.954361	1.02573
162555	0.944911	1.03599
164180	0.935556	1.04635
165822	0.926293	1.05681
167480	0.917122	1.06738
169155	0.908041	1.07806
170847	0.899051	1.08884
172555	0.890149	1.09972
174281	0.96947	1.00975
176024	0.959871	1.01984
177784	0.950367	1.03004
179562	0.940958	1.04034
181357	0.931641	1.05075
183171	0.922417	1.06125
185003	0.913284	1.07187
186853	0.904242	1.08259
188721	0.976679	1.00229
190608	0.967009	1.01232
192515	0.957434	1.02244
194440	0.947955	1.03266
196384	0.938569	1.04299
198348	0.929276	1.05342
200331	0.920076	1.06395
202335	0.910966	1.07459
204358	0.977109	1.00185
206402	0.967434	1.01187
208466	0.957856	1.02199
210550	0.948372	1.03221
212656	0.938982	1.04253
214782	0.929685	1.05296
216930	0.920481	1.06349
219099	0.911367	1.07412
221290	0.971755	1.00737
223503	0.962133	1.01745
225738	0.952607	1.02762
227996	0.943175	1.0379
230276	0.933837	1.04828
232578	0.924591	1.05876
234904	0.915437	1.06935
237253	0.971114	1.00804
239626	0.961499	1.01812
242022	0.951979	1.0283
244442	0.942554	1.03858
246887	0.933221	1.04897
249356	0.923982	1.05946
251849	0.975822	1.00317
254368	0.96616	1.01321
256911	0.956595	1.02334
259480	0.947123	1.03357
262075	0.937746	1.04391
264696	0.928461	1.05435
267343	0.976723	1.00225
270016	0.967052	1.01227
272717	0.957478	1.02239
275444	0.947998	1.03262
278198	0.938611	1.04294
280980	0.929318	1.05337
283790	0.974242	1.0048
286628	0.964596	1.01485
289494	0.955045	1.025
292389	0.945589	1.03525
295313	0.936227	1.0456
298266	0.978455	1.00047
301249	0.968767	1.01048
304261	0.959176	1.02058
307304	0.949679	1.03079
310377	0.940276	1.0411
313481	0.930966	1.05151
316615	0.970262	1.00892
319782	0.960656	1.01901
