Period	SysEff	Dilation
495000	0.815042	1.02373
499950	0.80731	1.0236
504950	0.799652	1.02357
509999	0.792066	1.03053
515099	0.784581	1.04083
520250	0.777138	1.05124
525452	0.769794	1.06175
530707	0.76252	1.07237
536014	0.755314	1.0831
541374	0.748176	1.09393
546788	0.741105	1.10487
552256	0.734102	1.11591
557778	0.727191	1.12707
563356	0.720318	1.13834
568990	0.713538	1.14973
574680	0.70682	1.16123
580426	0.700166	1.17284
586231	0.693574	1.18457
592093	0.687045	1.19641
598014	0.680576	1.20838
603994	0.674194	1.22046
610034	0.667846	1.23266
616134	0.661582	1.24499
622296	0.655378	1.25744
628519	0.649231	1.27002
634804	0.643142	1.28272
641152	0.637109	1.29554
647563	0.631133	1.3085
654039	0.625237	1.32158
660579	0.619395	1.3348
667185	0.613585	1.34815
673857	0.607852	1.36163
680596	0.602194	1.37524
687402	0.596567	1.389
694276	0.590993	1.40289
701218	0.585492	1.41692
708231	0.580042	1.43108
715313	0.574642	1.4454
722466	0.569293	1.45985
729691	0.563993	1.47445
736988	0.558742	1.48919
744357	0.553561	1.50408
751801	0.548428	1.51913
759319	0.543321	1.53432
766912	0.538282	1.54966
774581	0.53331	1.56516
782327	0.528363	1.58081
790150	0.523482	1.59662
798052	0.518626	1.61258
806032	0.513834	1.62871
814093	0.509086	1.645
822234	0.504401	1.66145
830456	0.49974	1.67806
838761	0.49514	1.69484
847148	0.490582	1.71179
855620	0.486066	1.72891
864176	0.481591	1.7462
872818	0.477157	1.76366
881546	0.472781	1.78129
890361	0.468445	1.79911
899265	0.464149	1.8171
908258	0.459891	1.83527
917340	0.455673	1.85362
926513	0.451509	1.87216
935779	0.447384	1.89088
945136	0.443296	1.90979
954588	0.439244	1.92889
964134	0.43523	1.94818
973775	0.431268	1.96766
983513	0.427341	1.98733
993348	0.42345	2.00721
1.00E+06	0.804972	1.01549
1.01E+06	0.797336	1.02378
1.02E+06	0.789786	1.03401
1.03E+06	0.782308	1.04435
1.04E+06	0.774901	1.0548
1.05E+06	0.767578	1.06535
1.07E+06	0.76031	1.076
1.08E+06	0.753125	1.08676
1.09E+06	0.746008	1.09763
1.10E+06	0.738972	1.1086
1.11E+06	0.731988	1.11969
1.12E+06	0.725083	1.13089
1.13E+06	0.718244	1.14219
1.14E+06	0.711482	1.15362
1.15E+06	0.704771	1.16515
1.16E+06	0.698136	1.1768
1.18E+06	0.691576	1.18857
1.19E+06	0.685065	1.20046
1.20E+06	0.678628	1.21246
1.21E+06	0.672251	1.22459
1.22E+06	0.665934	1.23683
1.24E+06	0.659676	1.2492
1.25E+06	0.653489	1.26169
1.26E+06	0.647359	1.27431
1.27E+06	0.641288	1.28705
1.29E+06	0.635284	1.29992
1.30E+06	0.629337	1.31292
1.31E+06	0.623446	1.32605
1.33E+06	0.61762	1.33931
1.34E+06	0.611838	1.35271
1.35E+06	0.606121	1.36623
1.37E+06	0.600468	1.3799
1.38E+06	0.594868	1.39369
1.39E+06	0.58932	1.40763
1.41E+06	0.583824	1.42171
1.42E+06	0.578379	1.43592
1.44E+06	0.572994	1.45028
1.45E+06	0.567671	1.46479
1.46E+06	0.562386	1.47943
1.48E+06	0.557161	1.49423
1.49E+06	0.810813	1.01327
1.51E+06	0.803121	1.01618
1.52E+06	0.795512	1.02634
1.54E+06	0.787985	1.0366
1.55E+06	0.780519	1.04697
1.57E+06	0.773134	1.05744
1.59E+06	0.765818	1.06801
1.60E+06	0.758581	1.07869
1.62E+06	0.751412	1.08948
1.63E+06	0.744311	1.10037
1.65E+06	0.737286	1.11138
1.67E+06	0.730327	1.12249
1.68E+06	0.723434	1.13371
1.70E+06	0.716614	1.14505
1.72E+06	0.709859	1.1565
1.73E+06	0.703176	1.16807
1.75E+06	0.696556	1.17975
1.77E+06	0.689998	1.19155
1.79E+06	0.68351	1.20346
1.80E+06	0.677083	1.2155
1.82E+06	0.670725	1.22765
1.84E+06	0.664426	1.23993
1.86E+06	0.658187	1.25233
1.88E+06	0.652013	1.26485
1.90E+06	0.645898	1.2775
1.92E+06	0.63984	1.29027
1.93E+06	0.633846	1.30318
1.95E+06	0.627916	1.31621
1.97E+06	0.622042	1.32937
1.99E+06	0.810174	1.01202
2.01E+06	0.802496	1.01707
2.03E+06	0.79489	1.02724
2.05E+06	0.787364	1.03751
2.07E+06	0.779909	1.04789
2.10E+06	0.772531	1.05836
2.12E+06	0.765224	1.06895
2.14E+06	0.757985	1.07964
2.16E+06	0.750822	1.09043
2.18E+06	0.743733	1.10134
2.20E+06	0.736711	1.11235
2.22E+06	0.729756	1.12347
2.25E+06	0.722872	1.13471
2.27E+06	0.71606	1.14606
2.29E+06	0.709312	1.15752
2.31E+06	0.702628	1.16909
2.34E+06	0.696013	1.18078
2.36E+06	0.689467	1.19259
2.38E+06	0.682982	1.20452
2.41E+06	0.676558	1.21656
2.43E+06	0.6702	1.22873
2.46E+06	0.663908	1.24102
2.48E+06	0.657675	1.25343
2.51E+06	0.805778	1.01277
2.53E+06	0.798146	1.0229
2.56E+06	0.790586	1.03312
2.58E+06	0.783098	1.04346
2.61E+06	0.775686	1.05389
2.63E+06	0.76835	1.06443
2.66E+06	0.761083	1.07507
2.69E+06	0.753885	1.08582
2.71E+06	0.746766	1.09668
2.74E+06	0.739714	1.10765
2.77E+06	0.732729	1.11873
2.80E+06	0.72582	1.12991
2.82E+06	0.718971	1.14121
2.85E+06	0.712197	1.15262
2.88E+06	0.705487	1.16415
2.91E+06	0.69884	1.17579
2.94E+06	0.692266	1.18755
2.97E+06	0.685753	1.19943
3.00E+06	0.808285	1.0106
3.03E+06	0.800622	1.01961
3.06E+06	0.793037	1.02981
3.09E+06	0.785528	1.04011
3.12E+06	0.778091	1.05051
3.15E+06	0.770728	1.06101
3.18E+06	0.76344	1.07162
3.21E+06	0.75622	1.08234
3.25E+06	0.749078	1.09316
3.28E+06	0.742004	1.10409
3.31E+06	0.734996	1.11513
3.34E+06	0.728063	1.12629
3.38E+06	0.721196	1.13755
3.41E+06	0.714397	1.14892
3.45E+06	0.707663	1.16041
3.48E+06	0.701001	1.17202
3.51E+06	0.804392	1.01463
3.55E+06	0.79677	1.02478
3.59E+06	0.789224	1.03503
3.62E+06	0.781753	1.04538
3.66E+06	0.774353	1.05583
3.69E+06	0.767027	1.06639
3.73E+06	0.759775	1.07705
3.77E+06	0.752594	1.08782
3.81E+06	0.745482	1.0987
3.84E+06	0.738445	1.10969
3.88E+06	0.731473	1.12078
3.92E+06	0.724572	1.13199
3.96E+06	0.717743	1.14331
4.00E+06	0.807628	1.0104
4.04E+06	0.799973	1.02051
4.08E+06	0.792392	1.03071
4.12E+06	0.784889	1.04102
4.16E+06	0.777461	1.05143
4.20E+06	0.770103	1.06194
4.25E+06	0.762822	1.07256
4.29E+06	0.75561	1.08329
4.33E+06	0.748469	1.09412
4.38E+06	0.741402	1.10506
4.42E+06	0.734402	1.11611
4.46E+06	0.727472	1.12727
4.51E+06	0.806381	1.01204
4.55E+06	0.798738	1.02216
4.60E+06	0.79117	1.03238
4.64E+06	0.783681	1.04271
4.69E+06	0.776262	1.05313
4.74E+06	0.768917	1.06367
4.78E+06	0.761647	1.0743
4.83E+06	0.754446	1.08505
4.88E+06	0.747319	1.0959
4.93E+06	0.74026	1.10686
4.98E+06	0.733273	1.11792
5.03E+06	0.803234	1.01619
5.08E+06	0.795622	1.02635
5.13E+06	0.788086	1.03662
5.18E+06	0.780627	1.04698
5.23E+06	0.773239	1.05745
5.29E+06	0.765923	1.06803
5.34E+06	0.758682	1.07871
5.39E+06	0.751512	1.0895
5.45E+06	0.744413	1.10039
5.50E+06	0.807676	1.01036
5.56E+06	0.800022	1.02046
5.61E+06	0.792441	1.03067
5.67E+06	0.784936	1.04097
5.72E+06	0.777508	1.05138
5.78E+06	0.77015	1.0619
5.84E+06	0.762867	1.07252
5.90E+06	0.755655	1.08324
5.96E+06	0.748516	1.09407
6.02E+06	0.80572	1.01293
6.08E+06	0.798083	1.02306
6.14E+06	0.790522	1.03329
6.20E+06	0.783037	1.04362
6.26E+06	0.775625	1.05406
6.32E+06	0.768288	1.0646
6.39E+06	0.761023	1.07525
6.45E+06	0.753829	1.086
6.51E+06	0.806061	1.01248
6.58E+06	0.798421	1.02261
6.64E+06	0.790858	1.03284
6.71E+06	0.783369	1.04316
6.78E+06	0.775955	1.0536
6.85E+06	0.768613	1.06413
6.91E+06	0.761345	1.07477
6.98E+06	0.809511	1.00917
7.05E+06	0.801836	1.01806
7.12E+06	0.79424	1.02824
7.20E+06	0.786717	1.03853
7.27E+06	0.779268	1.04891
7.34E+06	0.771896	1.0594
7.41E+06	0.764593	1.06999
7.49E+06	0.809002	1.00912
7.56E+06	0.801333	1.01873
7.64E+06	0.793741	1.02892
7.71E+06	0.786222	1.03921
7.79E+06	0.778779	1.0496
7.87E+06	0.77141	1.0601
7.95E+06	0.764114	1.0707
8.03E+06	0.805053	1.01382
8.11E+06	0.797423	1.02396
8.19E+06	0.789869	1.0342
8.27E+06	0.78239	1.04454
8.35E+06	0.774986	1.05498
8.44E+06	0.767655	1.06553
8.52E+06	0.805766	1.01288
8.61E+06	0.798129	1.02301
8.69E+06	0.790569	1.03324
8.78E+06	0.783083	1.04358
8.87E+06	0.775671	1.05401
8.96E+06	0.768332	1.06455
9.05E+06	0.803809	1.01546
9.14E+06	0.796192	1.02562
9.23E+06	0.78865	1.03587
9.32E+06	0.781183	1.04623
9.41E+06	0.773791	1.0567
9.51E+06	0.807137	1.01109
9.60E+06	0.799487	1.0212
9.70E+06	0.791913	1.03141
9.80E+06	0.784414	1.04173
9.89E+06	0.776989	1.05215
