1 0.0973471 1.89597 8441.55
2 0.289837 1.42833 15898.6 
3 0.4798 1.08724 15974.7 
4 0.647361 1.01402 111375 
5 0.815203 1.02352 494902
6 0.8142 1.00541 157571 
7 0.823546 1.00726 36326 
8 0.976078 1.00547 3.95992e+06 
9 0.978893 1.00003 141221 
10 0.986171 1.00919 126680 
11 0.932819 1.09789 3.5319e+06 
12 0.810174 1.01742 3.13418e+06 
13 0.980184 1.00333 3.25352e+06 
14 0.911897 1.02586 3.06219e+06 
15 0.803293 1.0422 3.95482e+06 
16 0.885112 1.02488 2.95677e+06 
17 0.970704 1.06726 2.4535e+06 
18 0.860754 1.0351 2.6178e+06 
19 0.963994 1.03772 1.83318e+06 
20 0.942523 1.05057 1.87833e+06 
21 0.883544 1.06586 3.35162e+06 
22 0.921841 1.02354 2.51341e+06 
23 0.939456 1.08803 4.38033e+06 
24 0.924356 1.01132 4.20363e+06 
25 0.928934 1.06094 2.95206e+06 
26 0.95158 1.04752 4.0476e+06 
27 0.718181 1.06241 3.12792e+06 
28 0.870901 1.03529 3.88152e+06 
29 0.833454 1.0357 1.85187e+06 
30 0.939296 1.02002 4.17111e+06 
31 0.841083 1.04239 1.48613e+06 
32 0.920957 1.06446 4.48435e+06 
33 0.923712 1.01292 2.25933e+06 
34 0.926488 1.05662 3.23639e+06 
35 0.846302 1.05454 1.96421e+06 
36 0.935644 1.13538 3.11841e+06 
37 0.945308 1.04125 2.45276e+06 
38 0.952053 1.07579 4.35587e+06 
39 0.834893 1.00829 1.59354e+06 
40 0.774702 1.03495 1.70969e+06 
41 0.911131 1.04256 3.29652e+06 
42 0.959249 1.00248 2.37198e+06 
43 0.884457 1.02343 3.38684e+06 
44 0.950416 1.03269 1.29763e+06 
45 0.854759 1.06229 2.85931e+06 
46 0.786789 1.0821 2.24441e+06 
47 0.958038 1.02173 3.09946e+06 
48 0.95287 1.09635 3.773e+06 
49 0.889711 1.07469 613821 
50 0.931263 1.00553 1.90109e+06 
51 0.886407 1.02042 2.76843e+06 
52 0.952092 1.05109 3.86807e+06 
53 0.765901 1.04411 2.43074e+06 
54 0.929853 1.04629 2.53853e+06 
55 0.827831 1.03773 3.70595e+06 
56 0.914719 1.01005 1.94373e+06 
57 0.934205 1.0471 3.4795e+06 
58 0.948977 1.01469 4.39166e+06 
59 0.910296 1.02417 4.11129e+06 
60 0.807704 1.04395 2.10705e+06 
61 0.858831 1.03469 807264 
62 0.832045 1.04575 3.16822e+06 
63 0.941642 1.04849 3.61275e+06 
64 0.96744 1.06463 1.86779e+06 
65 0.939459 1.04748 3.32884e+06 
66 0.498063 1.08515 443474 
67 0.934848 1.07236 4.92357e+06 
68 0.663297 1.031 3.37136e+06 
69 0.937306 1.00382 1.3451e+06 
70 0.953082 1.04156 1.53532e+06 
71 0.935555 1.04097 2.95018e+06 
72 0.825617 1.06741 2.56785e+06 
73 0.957598 1.02406 3.17856e+06 
74 0.942218 1.02299 2.89622e+06 
75 0.931129 1.02659 4.61459e+06 
76 0.955063 1.02582 3.97778e+06 
77 0.97504 1.02759 4.58385e+06 
78 0.971715 1.02978 3.00479e+06 
79 0.95906 1.01092 4.51972e+06 
80 0.946972 1.03144 4.53446e+06 
81 0.914087 1.00906 4.12609e+06 
82 0.935296 1.04245 3.72298e+06 
83 0.939718 1.07853 1.54613e+06 
84 0.956749 1.00162 1.35038e+06 
85 0.926273 1.01423 3.8743e+06 
86 0.823915 1.07052 4.023e+06 
87 0.866735 1.03083 3.24292e+06 
88 0.951136 1.03038 2.13661e+06 
89 0.829642 1.05974 2.09801e+06 
90 0.890947 1.00516 3.64775e+06 
91 0.970201 1.0036 3.06884e+06 
92 0.931492 1.05244 3.29454e+06 
93 0.952694 1.00466 4.24844e+06 
94 0.950269 1.00801 4.45089e+06 
95 0.946645 1.00307 1.86344e+06 
96 0.902906 1.02028 3.9302e+06 
97 0.862508 1.03334 3.08468e+06 
98 0.939023 1.06108 3.14501e+06 
99 0.971735 1.02184 3.12748e+06 
100 0.920516 1.02987 2.14826e+06 
101 0.91178 1.01005 944762 
102 0.862692 1.03975 802214 
103 0.911965 1.07784 3.38798e+06 
104 0.897457 1.042 3.16552e+06 
105 0.916284 1.03724 4.27311e+06 
106 0.917005 1.07392 2.13372e+06 
107 0.980681 1.02125 1.04172e+06 
108 0.921701 1.017 2.37222e+06 
109 0.839952 1.05088 1.04591e+06 
110 0.947611 1.01422 2.50156e+06 
