Set	syseff_online_expes 	syseff_periodic_expes 	syseff_online_simu	syseff_periodic_simu	syseff_cong_expes 	syseff_UL
1	0.08105	0.0955	0.0825	0.0973	0.064561	0.172
2	0.26988	0.286	0.271	0.29	0.2501	0.334
3	0.44003	0.471	0.442	0.48	0.439038	0.495
4	0.63979	0.639	0.64	0.647	0.610826	0.656
5	0.7913	0.814	0.81	0.815	0.6091	0.816
6	0.7512	0.804	0.761	0.814	0.6219	0.818
7	0.8177	0.82	0.818	0.824	0.8116	0.827
8	0.97549	0.976	0.976	0.976	0.97502	0.977
9	0.97644	0.978	0.978	0.979	0.97438	0.979
10	0.98601	0.9865	0.985	0.986	0.98547	0.988

